# Flight data for RA-85655, as retrieved from FlightRadar24.
# RA-85655 is a Russian surveillance plane operating under the treaty for Open Skies
# Linestring format: longitude latitude altitude timestamp (unix epoch) 
# Easy plotting: http://arthur-e.github.io/Wicket/sandbox-gmaps3.html 
# Note: I manually joined a few days together for flights that went beyond midnight gmt

# Cross country
2014-12-08.txt:19	194E97|RA-85655|	LINESTRING (-78.250000 44.400000 18782 1418067415, -79.070000 44.480000 28661 1418067780, -80.110000 44.610000 36012 1418068135, -81.060000 44.700000 35981 1418068495, -81.830000 44.760000 35992 1418068855, -82.240000 44.790000 35988 1418069219, -83.030000 44.850000 35988 1418069579, -89.090000 45.140000 35979 1418071380, -89.910000 45.160000 35959 1418071730, -90.970000 45.170000 35964 1418072095, -91.870000 45.160000 35969 1418072444, -93.080000 45.150000 35952 1418072820, -94.160000 45.210000 35968 1418073175, -95.000000 45.250000 35954 1418073525, -96.090000 45.320000 35971 1418073895, -96.940000 45.360000 35995 1418074245, -98.110000 45.410000 36009 1418074615, -99.140000 45.340000 36017 1418074979, -99.850000 45.270000 36017 1418075279, -120.250000 39.210000 23644 1418083618, -120.780000 39.040000 20303 1418083979, -121.220000 38.940000 13572 1418084339)

# Southern California
2014-12-10.txt:27	194E97|RA-85655|	LINESTRING (-121.910000 38.270000 7984 1418238054, -122.290000 37.980000 7978 1418238425, -122.490000 37.510000 9009 1418238785, -122.440000 37.470000 7968 1418239145, -121.850000 37.340000 8004 1418239505, -121.650000 36.950000 8949 1418239850, -121.550000 36.470000 8128 1418240215, -121.280000 36.060000 7964 1418240585, -120.780000 35.140000 7930 1418241303, -118.280000 34.020000 7989 1418243822, -117.880000 33.700000 7948 1418244182, -117.520000 33.390000 7941 1418244542, -117.370000 33.370000 7924 1418244906, -117.350000 33.320000 7948 1418245262, -117.190000 32.930000 7955 1418245622, -117.380000 32.750000 6999 1418245972, -117.040000 32.670000 6944 1418246347, -116.460000 32.740000 7978 1418246699, -117.080000 34.400000 12934 1418250306, -117.670000 34.450000 12957 1418250666, -118.160000 34.530000 11497 1418251021, -118.340000 34.820000 12949 1418251371, -118.710000 35.050000 12327 1418251691, -120.960000 36.990000 9020 1418253546, -121.430000 37.390000 9005 1418253906, -121.800000 37.790000 8869 1418254266, -121.900000 38.230000 6952 1418254611)

#Nevada
2014-12-12.txt:6	194E97|RA-85655|	LINESTRING (-121.960000 38.240000 7989 1418414455, -120.420000 37.720000 10049 1418415910, -120.310000 37.560000 10046 1418416220, -115.310000 36.110000 11087 1418421664, -120.600000 39.310000 20295 1418425272, -120.640000 39.300000 20127 1418425632)

#return cross nevada utah nebraska iowa
2014-12-13.txt:18	194E97|RA-85655|	LINESTRING (-121.640000 38.420000 16975 1418501595, -121.070000 38.720000 24753 1418501950, -120.410000 39.100000 30676 1418502305, -119.670000 39.540000 31935 1418502672, -118.930000 39.980000 31935 1418503032, -96.340000 42.770000 35024 1418510595, -95.370000 42.890000 35004 1418510955, -94.310000 43.000000 35015 1418511310, -93.210000 43.090000 35005 1418511670, -92.150000 43.120000 35015 1418512031, -91.050000 43.130000 35012 1418512395, -89.960000 43.130000 35015 1418512755, -88.920000 43.130000 35015 1418513105, -87.810000 43.140000 35008 1418513475, -86.770000 43.180000 35004 1418513830, -85.650000 43.140000 35001 1418514195, -84.560000 43.050000 35003 1418514555, -83.520000 42.990000 34990 1418514910)

#to iceland and russia
2014-12-14.txt:12	194E97|RA-85655|	LINESTRING (-82.480000 43.020000 35003 1418515274, -81.420000 43.060000 34987 1418515634, -80.410000 43.310000 34996 1418515994, -79.510000 43.600000 26199 1418516354, -78.690000 43.840000 15419 1418516709, -78.200000 43.970000 11509 1418517024, -75.720000 45.350000 29889 1418585117, -74.880000 46.070000 35040 1418585473, -74.300000 46.550000 35025 1418585833, -73.750000 47.020000 35024 1418586197, -73.250000 47.460000 35024 1418586497, -23.270000 63.720000 8553 1418599873, 2.810000 60.990000 35010 1418612471, 4.300000 60.930000 34998 1418612835, 5.760000 60.820000 35024 1418613190, 7.580000 60.680000 35027 1418613555, 9.280000 60.530000 35026 1418613907, 11.140000 60.340000 35016 1418614277, 12.830000 60.140000 35017 1418614638, 14.500000 59.940000 34988 1418614993, 16.110000 59.710000 35003 1418615357, 17.730000 59.460000 34999 1418615711, 19.280000 59.200000 34999 1418616071, 20.780000 58.940000 35007 1418616431, 22.300000 58.730000 34992 1418616794, 23.800000 58.520000 35014 1418617150, 25.260000 58.270000 35023 1418617513, 26.720000 58.000000 35018 1418617876, 28.030000 57.660000 34999 1418618233, 29.260000 57.250000 34985 1418618598, 30.200000 56.920000 34993 1418618959, 30.530000 56.820000 34993 1418619311, 31.550000 56.490000 34993 1418619671, 37.080000 55.640000 6949 1418647751, 37.740000 55.610000 7977 1418648109)

#russia
2014-12-18.txt:2	194E97|RA-85655|	LINESTRING (38.400000 55.940000 12086 1418889326, 39.290000 55.770000 20017 1418889666)


#combining a few of the flight back for a continuous trip
2014-12-13.txt:18	194E97|RA-85655|	LINESTRING (-121.640000 38.420000 16975 1418501595, -121.070000 38.720000 24753 1418501950, -120.410000 39.100000 30676 1418502305, -119.670000 39.540000 31935 1418502672, -118.930000 39.980000 31935 1418503032, -96.340000 42.770000 35024 1418510595, -95.370000 42.890000 35004 1418510955, -94.310000 43.000000 35015 1418511310, -93.210000 43.090000 35005 1418511670, -92.150000 43.120000 35015 1418512031, -91.050000 43.130000 35012 1418512395, -89.960000 43.130000 35015 1418512755, -88.920000 43.130000 35015 1418513105, -87.810000 43.140000 35008 1418513475, -86.770000 43.180000 35004 1418513830, -85.650000 43.140000 35001 1418514195, -84.560000 43.050000 35003 1418514555, -83.520000 42.990000 34990 1418514910, -82.480000 43.020000 35003 1418515274, -81.420000 43.060000 34987 1418515634, -80.410000 43.310000 34996 1418515994, -79.510000 43.600000 26199 1418516354, -78.690000 43.840000 15419 1418516709, -78.200000 43.970000 11509 1418517024, -75.720000 45.350000 29889 1418585117, -74.880000 46.070000 35040 1418585473, -74.300000 46.550000 35025 1418585833, -73.750000 47.020000 35024 1418586197, -73.250000 47.460000 35024 1418586497, -23.270000 63.720000 8553 1418599873, 2.810000 60.990000 35010 1418612471, 4.300000 60.930000 34998 1418612835, 5.760000 60.820000 35024 1418613190, 7.580000 60.680000 35027 1418613555, 9.280000 60.530000 35026 1418613907, 11.140000 60.340000 35016 1418614277, 12.830000 60.140000 35017 1418614638, 14.500000 59.940000 34988 1418614993, 16.110000 59.710000 35003 1418615357, 17.730000 59.460000 34999 1418615711, 19.280000 59.200000 34999 1418616071, 20.780000 58.940000 35007 1418616431, 22.300000 58.730000 34992 1418616794, 23.800000 58.520000 35014 1418617150, 25.260000 58.270000 35023 1418617513, 26.720000 58.000000 35018 1418617876, 28.030000 57.660000 34999 1418618233, 29.260000 57.250000 34985 1418618598, 30.200000 56.920000 34993 1418618959, 30.530000 56.820000 34993 1418619311, 31.550000 56.490000 34993 1418619671, 37.080000 55.640000 6949 1418647751, 37.740000 55.610000 7977 1418648109)